750
1
643 866
30 339
160 984
763 481
280 919
414 793
471 653
696 344
800 52
620 76
910 394
372 927
65 366
338 129
413 93
253 236
105 288
958 789
974 207
608 544
856 814
487 402
447 731
266 191
199 517
572 901
307 165
824 637
6 577
904 664
685 484
131 805
619 59
676 587
892 182
670 534
54 343
84 169
40 237
996 461
909 382
583 665
988 537
872 215
422 337
999 102
915 883
681 324
419 879
566 796
714 262
61 841
410 58
242 581
494 417
601 586
563 290
156 168
392 143
947 407
521 840
630 180
666 157
545 327
399 903
46 689
475 37
862 257
119 227
408 881
503 590
271 375
932 385
580 150
363 813
735 912
231 548
57 116
415 632
368 946
798 934
104 599
902 0
720 137
518 752
501 797
818 47
699 990
871 744
628 147
941 952
204 695
454 490
248 96
543 495
371 535
801 259
582 625
384 26
525 968
749 8
97 496
788 634
99 155
615 773
617 188
759 428
853 133
528 547
94 607
817 982
751 513
698 774
321 981
223 618
716 27
762 405
20 66
635 444
578 118
659 183
474 703
190 498
432 238
243 760
956 273
806 633
144 482
631 765
32 409
662 585
781 660
71 388
624 426
897 705
527 715
452 221
427 993
53 973
306 511
401 85
51 832
355 146
937 726
115 600
438 783
376 264
443 31
833 847
18 930
523 571
674 553
873 857
289 2
123 492
459 995
603 929
524 234
270 383
91 336
171 542
162 770
269 884
82 675
957 710
861 721
916 858
256 458
808 10
55 846
163 353
573 218
68 246
304 418
72 263
991 126
291 920
835 359
318 195
206 825
173 64
834 175
36 151
224 686
911 250
80 940
470 252
198 44
128 226
510 945
838 465
152 445
709 437
114 522
943 977
750 737
558 965
562 609
161 769
478 985
700 285
980 67
15 918
424 172
595 564
758 476
673 214
95 928
837 529
449 882
636 717
200 622
684 795
158 295
876 552
816 117
753 464
885 153
466 979
661 668
350 868
130 657
598 244
589 88
79 579
469 101
373 967
297 612
898 185
249 782
810 124
322 891
403 568
828 894
512 12
335 331
108 960
134 365
138 740
395 701
345 330
386 683
49 949
651 69
398 390
7
794 953
711 434
5
455 310
86 961
13
11
4
17
3
16
341 697
9
22
23
19
14
21
33
38
24
25
28
29
39
34
41
35
50
42
43
48
45
56
60
75
62
87
63
70
98
100
74
78
73
77
81
90
83
111
92
89
109
125
127
120
103
106
107
113
139
110
112
132
121
136
140
145
154
122
141
159
135
142
178
148
174
149
167
164
176
166
179
194
181
170
177
184
187
186
189
192
193
197
202
201
196
203
208
205
209
210
219
216
211
228
212
225
229
217
213
222
220
230
233
239
232
247
255
245
241
254
235
240
268
251
260
258
261
277
265
267
282
272
275
292
281
283
284
286
274
276
294
279
300
296
278
299
287
312
302
293
298
301
314
303
313
323
305
308
309
316
311
319
329
333
320
326
315
332
317
325
352
342
328
334
356
354
340
349
346
347
364
358
348
351
357
361
360
362
367
369
370
378
374
377
400
379
389
387
393
381
397
391
380
396
411
412
425
433
404
421
439
406
423
441
435
420
442
416
436
453
429
430
462
450
463
457
431
440
446
477
479
448
451
467
456
483
488
486
460
468
499
472
473
500
480
485
505
497
507
489
514
491
504
493
530
520
516
502
506
508
539
536
509
515
519
541
551
526
554
531
532
546
533
561
555
540
549
538
570
550
556
557
559
560
576
588
565
584
575
574
567
596
604
606
597
569
591
605
592
611
616
593
594
613
602
614
610
623
621
626
629
627
644
638
645
652
640
647
639
641
650
667
658
642
646
654
648
649
655
671
656
678
663
688
669
687
692
702
672
677
679
693
680
682
690
691
694
722
704
719
718
724
723
706
712
728
732
725
729
708
707
738
713
742
727
730
736
733
734
739
741
743
746
745
757
747
756
766
748
775
755
768
761
754
779
772
764
767
771
777
786
776
778
780
784
785
787
792
803
790
791
819
799
804
802
821
807
827
829
809
811
812
830
842
815
836
826
820
823
844
839
852
822
843
851
845
848
831
849
859
867
863
855
860
850
877
854
864
865
869
887
870
874
875
888
889
880
878
886
890
899
893
895
921
896
923
905
900
906
924
914
907
908
922
913
936
939
917
925
935
938
926
931
933
942
944
962
951
948
950
954
972
964
955
959
963
966
983
969
970
986
987
971
978
975
994
976
989
992
998
997
