750
1
417 990
182 818
114 653
372 226
721 498
341 59
335 673
474 846
428 419
753 15
338 91
464 685
599 631
355 705
918 977
68 927
97 58
452 259
871 384
884 57
86 198
413 252
527 615
8 108
221 492
726 862
714 250
595 773
841 104
873 437
165 835
717 399
327 249
632 643
388 191
636 88
601 916
524 126
376 169
600 805
55 928
965 71
409 224
82 461
99 985
101 18
511 833
548 382
54 630
788 307
496 390
563 115
930 231
582 857
637 715
816 759
214 982
789 161
961 945
471 892
542 264
69 813
447 490
953 375
952 762
150 20
32 897
847 797
991 919
195 941
957 760
458 868
510 445
6 200
625 934
386 806
825 131
64 180
156 750
901 622
525 455
876 695
665 206
676 517
910 681
758 144
879 960
246 832
872 684
285 710
427 160
117 883
798 553
116 271
668 266
585 763
793 612
988 513
227 487
339 737
783 280
173 289
661 304
620 158
995 424
85 828
168 288
119 603
12 53
765 162
51 96
699 66
37 956
344 418
967 866
482 796
359 466
269 664
185 528
248 670
188 52
438 243
932 587
973 84
617 290
675 521
885 465
666 76
903 752
478 501
291 881
751 171
79 218
353 703
544 568
475 683
0 583
124 657
476 395
138 414
619 861
30 781
123 689
974 40
153 444
392 958
262 321
65 696
609 578
207 410
566 518
547 215
31 522
199 336
26 253
44 740
415 858
814 236
223 494
407 581
398 94
244 523
817 915
662 366
607 72
999 175
562 624
152 774
204 310
564 405
801 128
373 534
363 635
49 27
618 573
484 422
911 577
711 981
368 129
495 949
80 731
46 434
383 137
273 898
834 237
552 257
800 572
912 837
454 716
660 824
589 558
118 459
95 920
744 163
937 133
345 794
698 105
894 543
365 512
426 769
337 537
350 146
943 770
993 946
979 134
808 686
93 909
130 996
586 697
238 47
143 529
449 571
634 385
968 853
904 190
608 394
324 795
735 155
470 234
295 503
2 940
700 10
810 782
102 882
590 749
947 545
61 183
840 147
256 263
701 36
408 984
371 297
318 331
659 579
403 651
481 891
330 343
172 151
67 322
709 929
270 838
432 401
4
242 598
157 443
674 306
633 580
856 535
902 402
720 628
469 980
7
17
3
16
5
21
9
22
11
13
14
19
23
28
24
25
29
39
34
41
33
38
48
43
35
50
75
60
42
45
81
56
87
62
63
70
98
100
74
78
73
77
83
90
92
89
109
103
106
107
113
110
111
112
132
120
127
125
121
136
140
139
145
154
122
141
159
135
142
178
148
174
149
167
164
176
166
179
194
181
170
177
184
187
186
189
192
193
197
202
201
196
203
208
205
209
210
219
216
211
228
212
225
229
217
213
222
220
230
233
239
232
247
255
245
241
254
235
240
268
251
260
258
261
277
265
267
282
272
275
292
281
283
284
286
274
276
294
279
300
296
278
299
287
312
302
293
298
301
314
303
313
323
305
308
309
316
311
319
329
333
320
326
315
332
317
325
352
342
328
334
356
354
340
349
346
347
364
358
348
351
357
361
360
362
367
369
370
378
374
377
400
379
389
387
393
381
397
391
380
396
411
412
425
433
404
421
439
406
423
441
435
420
442
416
436
453
429
430
462
450
463
457
431
440
446
477
479
448
451
467
456
483
488
486
460
468
499
472
473
500
480
485
505
497
507
489
514
491
504
493
530
520
516
502
506
508
539
536
509
515
519
541
551
526
554
531
532
546
533
561
555
540
549
538
570
550
556
557
559
560
576
588
565
584
575
574
567
596
604
606
597
569
591
605
592
611
616
593
594
613
602
614
610
623
621
626
629
627
644
638
645
652
640
647
639
641
650
667
658
642
646
654
648
649
655
671
656
678
663
688
669
687
692
702
672
677
679
693
680
682
690
691
694
722
704
719
718
724
723
706
712
728
732
725
729
708
707
738
713
742
727
730
736
733
734
739
741
743
746
745
757
747
756
766
748
775
755
768
761
754
779
772
764
767
771
777
786
776
778
780
784
785
787
792
803
790
791
819
799
804
802
821
807
827
829
809
811
812
830
842
815
836
826
820
823
844
839
852
822
843
851
845
848
831
849
859
867
863
855
860
850
877
854
864
865
869
887
870
874
875
888
889
880
878
886
890
899
893
895
921
896
923
905
900
906
924
914
907
908
922
913
936
939
917
925
935
938
926
931
933
942
944
962
951
948
950
954
972
964
955
959
963
966
983
969
970
986
987
971
978
975
994
976
989
992
998
997
